3 0.181382 0.0653108 0.0638228 0.102844
2 0.79084 0.257606 0.11541 0.0482804
2 0.797619 0.238261 0.0866402 0.0790344
2 0.82457 0.351852 0.0909392 0.0806878
2 0.0507606 0.936177 0.101521 0.127646
0 0.472718 0.0219907 0.13922 0.0426587
2 0.773644 0.729001 0.0697751 0.0558862
2 0.117063 0.239583 0.23082 0.479167
2 0.121032 0.773313 0.228175 0.194114
2 0.249669 0.916667 0.114418 0.138889
2 0.662037 0.832507 0.115079 0.141204
2 0.88244 0.199901 0.0856481 0.0876323
2 0.433036 0.345734 0.0492725 0.11078
0 0.606316 0.925926 0.145172 0.146825
0 0.570767 0.369048 0.208333 0.214947
0 0.467758 0.547288 0.175595 0.136905
0 0.539517 0.704696 0.212632 0.214286
