2 0.37748 0.196263 0.234458 0.224537
2 0.827546 0.723214 0.344907 0.516534
2 0.598049 0.689649 0.0618386 0.0300926
2 0.335152 0.984292 0.0419974 0.0314153
1 0.775463 0.0552249 0.0701058 0.104497
2 0.683862 0.0362103 0.161376 0.0724206
1 0.314153 0.453704 0.077381 0.121032
2 0.771495 0.0550595 0.077381 0.104828
2 0.0924272 0.0666336 0.0386905 0.0300926
2 0.259755 0.212302 0.114087 0.191138
2 0.312169 0.457341 0.0740741 0.107804
2 0.0372024 0.226025 0.0737434 0.0949074
2 0.0208333 0.101687 0.0410053 0.0922619
2 0.821925 0.208829 0.356151 0.415675
2 0.17047 0.433862 0.10086 0.0634921
2 0.272983 0.361938 0.0763889 0.0532407
2 0.299769 0.793155 0.0386905 0.0717593
1 0.310185 0.433366 0.0648148 0.0598545
2 0.0545635 0.770503 0.0978836 0.0945767
2 0.131118 0.672619 0.067791 0.0661376
0 0.398313 0.233466 0.171627 0.123677
1 0.166171 0.10334 0.0314153 0.0347222
0 0.412864 0.664848 0.176918 0.111442
0 0.401124 0.907242 0.199074 0.180225
0 0.416501 0.560681 0.11078 0.130622
0 0.479497 0.366071 0.116402 0.153439
