2 0.125661 0.0877976 0.189815 0.162368
2 0.0120701 0.966105 0.0234788 0.067791
2 0.656911 0.898479 0.0697751 0.0608466
2 0.124173 0.926918 0.0234788 0.0628307
0 0.388393 0.616071 0.0922619 0.0952381
2 0.493221 0.416171 0.164352 0.0717593
2 0.73297 0.767526 0.0565476 0.0906085
2 0.25496 0.203704 0.0522487 0.125
0 0.332176 0.0522487 0.154431 0.104497
2 0.475694 0.931217 0.152447 0.137566
2 0.110284 0.399802 0.143849 0.0992064
2 0.57953 0.60797 0.133929 0.117394
0 0.384094 0.356812 0.143849 0.184524
0 0.385086 0.759921 0.206019 0.232804
