2 0.0281085 0.481647 0.0562169 0.0876323
2 0.0469577 0.548942 0.047619 0.0297619
2 0.364914 0.980489 0.0453042 0.0376984
2 0.335152 0.895668 0.0664683 0.0843254
2 0.126653 0.383763 0.0324074 0.0902778
2 0.479993 0.909392 0.217262 0.181217
2 0.0621693 0.38244 0.0568783 0.0830026
2 0.404927 0.753472 0.0962302 0.0882936
2 0.31713 0.177745 0.0654762 0.0525794
2 0.55043 0.0244709 0.036045 0.0489418
2 0.30787 0.808862 0.105159 0.116402
2 0.270833 0.420139 0.0376984 0.0558862
2 0.137235 0.435185 0.0720899 0.0787037
0 0.467758 0.0188492 0.0935847 0.0376984
2 0.0543981 0.86293 0.0697751 0.136574
1 0.10334 0.644015 0.0453042 0.0393519
0 0.52414 0.268353 0.0634921 0.0492725
0 0.57953 0.849206 0.0896164 0.107143
0 0.528439 0.548611 0.153439 0.109127
0 0.49256 0.426587 0.166336 0.125
