3 0.232804 0.687004 0.0502645 0.0320767
1 0.562335 0.97371 0.11541 0.0525794
0 0.551091 0.9833 0.108796 0.0333995
2 0.922454 0.839616 0.151786 0.310185
2 0.302249 0.161376 0.103175 0.0919312
2 0.769841 0.946098 0.134921 0.107804
3 0.619874 0.461806 0.0446429 0.0400132
2 0.0686177 0.553902 0.120701 0.216931
2 0.171131 0.33631 0.0763889 0.0277778
2 0.036541 0.570106 0.073082 0.222884
2 0.874669 0.1875 0.0727513 0.0363757
2 0.109623 0.186839 0.0869709 0.15873
0 0.595734 0.0509259 0.099537 0.101852
3 0.314815 0.152116 0.077381 0.0740741
0 0.543155 0.331184 0.229828 0.278108
0 0.580688 0.67328 0.175265 0.109127
0 0.543816 0.803737 0.102183 0.129299
