6 0.321429 0.0281085 0.179233 0.0562169
6 0.0722553 0.536541 0.144511 0.202712
6 0.510747 0.193948 0.124669 0.112765
6 0.963294 0.574074 0.0734127 0.157407
6 0.0661376 0.692295 0.132275 0.550595
6 0.0525794 0.0737434 0.105159 0.147487
6 0.0758929 0.904762 0.149802 0.190476
6 0.353505 0.0816799 0.242063 0.160714
6 0.76703 0.52166 0.0929233 0.0810185
6 0.115906 0.197917 0.226521 0.210648
6 0.341766 0.417493 0.383929 0.431548
0 0.616567 0.312004 0.217262 0.204034
6 0.644841 0.941634 0.150794 0.116733
0 0.638724 0.0403439 0.17295 0.0793651
6 0.41121 0.698743 0.295966 0.23082
0 0.615079 0.811508 0.136243 0.195767
0 0.634425 0.596892 0.186177 0.160053
0 0.667163 0.174438 0.256283 0.201389
0 0.64418 0.466931 0.229497 0.161376
