0 0.235946 0.0805225 0.129299 0.14914
0 0.0830026 0.912533 0.166005 0.174934
0 0.926918 0.126653 0.0820106 0.0562169
0 0.737765 0.356316 0.114418 0.112103
0 0.0573743 0.43254 0.114749 0.265873
0 0.949901 0.0548942 0.100198 0.109127
0 0.45205 0.425099 0.28373 0.241733
0 0.0525794 0.107143 0.105159 0.212302
0 0.886574 0.353009 0.22619 0.215278
0 0.306052 0.109127 0.261574 0.199074
1 0.619544 0.408895 0.268849 0.198082
0 0.600364 0.860284 0.297288 0.276786
0 0.270503 0.439319 0.244048 0.29332
0 0.355159 0.854993 0.296958 0.290013
0 0.726356 0.135747 0.308532 0.270172
1 0.491733 0.66121 0.175926 0.252976
