2 0.0621693 0.397652 0.111772 0.136574
2 0.974206 0.962963 0.0509259 0.0681217
2 0.618056 0.660218 0.0793651 0.030754
2 0.748512 0.960317 0.0532407 0.0403439
2 0.0486111 0.253142 0.0899471 0.0598545
2 0.270999 0.980324 0.067791 0.0373677
2 0.239418 0.678571 0.0992064 0.0892857
1 0.116402 0.483962 0.0449735 0.0400132
2 0.38244 0.646495 0.0830026 0.0780423
1 0.581515 0.207837 0.0472884 0.046627
0 0.531911 0.0811839 0.0962302 0.159061
0 0.524471 0.937169 0.146164 0.125661
0 0.588128 0.542493 0.180886 0.161045
