2 0.0782077 0.299438 0.155754 0.173611
2 0.513393 0.582507 0.100198 0.0697751
2 0.037037 0.559193 0.0714286 0.107143
2 0.209987 0.863261 0.119048 0.142526
2 0.154762 0.785053 0.0886243 0.077381
2 0.232804 0.575562 0.112434 0.0625
2 0.431713 0.822917 0.067791 0.10086
2 0.346065 0.625661 0.12004 0.0654762
2 0.11541 0.135251 0.119048 0.0714286
2 0.519676 0.86756 0.194775 0.165013
0 0.468419 0.958333 0.12004 0.0813492
2 0.306548 0.526786 0.107143 0.109788
0 0.52877 0.476852 0.161376 0.127646
0 0.499339 0.226852 0.152116 0.187169
