2 0.833499 0.568618 0.157738 0.220569
2 0.333829 0.0443122 0.0644841 0.0859788
2 0.589286 0.893353 0.15873 0.161706
2 0.557209 0.444114 0.0853175 0.106481
2 0.170304 0.924603 0.125661 0.136243
2 0.565972 0.192956 0.116071 0.118056
1 0.552579 0.449735 0.0714286 0.0925926
2 0.94494 0.59838 0.110119 0.193452
2 0.953869 0.441634 0.0386905 0.102183
2 0.512897 0.206349 0.199735 0.147487
2 0.0993717 0.809193 0.106151 0.109788
0 0.417163 0.948413 0.148479 0.101852
2 0.382937 0.133433 0.0714286 0.0618386
2 0.633598 0.0775463 0.0813492 0.112103
2 0.915509 0.947255 0.155754 0.105489
0 0.50248 0.208168 0.17295 0.148479
0 0.425761 0.761409 0.224537 0.176257
0 0.431878 0.465939 0.164683 0.21627
