0 0.453208 0.0186839 0.102844 0.036045
2 0.424107 0.0234788 0.151786 0.0469577
2 0.404101 0.842262 0.103175 0.109788
2 0.561673 0.0484458 0.0816799 0.0492725
1 0.391865 0.581845 0.0892857 0.100198
0 0.390542 0.580853 0.0839947 0.101521
0 0.682374 0.639716 0.0744048 0.0578704
1 0.450231 0.27877 0.0949074 0.0654762
2 0.618221 0.13211 0.0439815 0.127315
0 0.428571 0.176091 0.143519 0.182209
0 0.469907 0.946594 0.0740741 0.106812
0 0.445271 0.691799 0.0916005 0.123016
0 0.49504 0.502149 0.200397 0.159722
